1,1,1.007825032239,0.99988570,1.007841.00811,
,2,2.0141017781212,0.00011570
,3,3.016049277924
,4,4.0264311
,5,5.03531196
,6,6.0449627
,7,7.052711
2,3,3.016029320125,0.000001343,4.0026022,
,4,4.002603254136,0.999998663
,5,5.01205721
,6,6.01888589157
,7,7.027990781
,8,8.03393439095
,9,9.04394650
,10,10.0527911
3,3,3.030821,6.9386.997,
,4,4.0271923
,5,5.01253854
,6,6.015122887416,0.07594
,7,7.016003436645,0.92414
,8,8.02248624650
,9,9.0267901920
,10,10.03548314
,11,11.0437235866
,12,12.05251716
,13,13.0626338
4,5,5.039922,9.01218315
,6,6.019726458
,7,7.01692871776
,8,8.00530510237
,9,9.01218306582,1
,10,10.01353469586
,11,11.0216610826
,12,12.026922120
,13,13.03613511
,14,14.0428914
,15,15.0534243
,16,16.0616718
5,6,6.050822,10.80610.821,
,7,7.02971227
,8,8.024607311
,9,9.0133296597
,10,10.0129369541,0.1997
,11,11.0093053645,0.8017
,12,12.014352714
,13,13.017780212
,14,14.02540423
,15,15.03108823
,16,16.03984226
,17,17.0469918
,18,18.0556618
,19,19.0631043
,20,20.0720775
,21,21.0812997
6,8,8.03764320,12.009612.0116
,9,9.031037223
,10,10.0168533142
,11,11.011433610
,12,12.000000000,0.98938
,13,13.0033548350723,0.01078
,14,14.003241988440
,15,15.0105992686
,16,16.014701338
,17,17.02257719
,18,18.02675132
,19,19.0348011
,20,20.0403226
,21,21.0490043
,22,22.0575326
,23,23.068911
7,10,10.0416543,14.0064314.00728
,11,11.02609150
,12,12.018613211
,13,13.0057386129
,14,14.0030740044320,0.9963620
,15,15.0001088988864,0.0036420
,16,16.006101925
,17,17.00844916
,18,18.01407820
,19,19.01702218
,20,20.02336660
,21,21.0271110
,22,22.0343921
,23,23.0411432
,24,24.0503943
,25,25.0601054
8,12,12.03426226,15.9990315.99977
,13,13.02481510
,14,14.0085963612
,15,15.0030656253
,16,15.9949146195717,0.9975716
,17,16.9991317565069,0.000381
,18,17.9991596128676,0.0020514
,19,19.003578028
,20,20.0040753595
,21,21.00865513
,22,22.00996661
,23,23.01569697
,24,24.0198612
,25,25.0293612
,26,26.0372917
,27,27.0477254
,28,28.0559175
9,14,14.03431544,18.9984031636
,15,15.01804367
,16,16.011465789
,17,17.0020952427
,18,18.0009373350
,19,18.9984031627392,1
,20,19.99998125231
,21,20.999948919
,22,22.00299913
,23,23.00355754
,24,24.00811578
,25,25.01219981
,26,26.02003883
,27,27.0264420
,28,28.0353421
,29,29.0425454
,30,30.0516564
,31,31.0597156
10,16,16.02575022,20.17976,
,17,17.0177139638
,18,18.0057087039
,19,19.0018809117
,20,19.992440176217,0.90483
,21,20.99384668541,0.00271
,22,21.99138511418,0.09253
,23,22.9944669111
,24,23.9936106555
,25,24.99778948
,26,26.00051520
,27,27.00755370
,28,28.0121210
,29,29.0197511
,30,30.0247330
,31,31.033117
,32,32.0397254
,33,33.0493864
,34,34.0567355
11,18,18.0268812,22.989769282
,19,19.01388011
,20,20.007354412
,21,20.9976546930
,22,21.9944374118
,23,22.989769282019,1
,24,23.99096295038
,25,24.989954013
,26,25.992634638
,27,26.994076540
,28,27.99893911
,29,29.002877179
,30,30.009097951
,31,31.01316325
,32,32.0201913
,33,33.0257364
,34,34.0335954
,35,35.0406263
,36,36.0492964
,37,37.0570565
12,19,19.03416954,24.30424.307
,20,20.01885029
,21,21.01171618
,22,21.9995706534
,23,22.9941242174
,24,23.98504169714,0.78994
,25,24.98583697650,0.10001
,26,25.98259296831,0.11013
,27,26.98434062453
,28,27.983876722
,29,28.98861712
,30,29.990462937
,31,30.996648033
,32,31.999110234
,33,33.005327131
,34,34.00893531
,35,35.0167919
,36,36.0218849
,37,37.0303754
,38,38.0365854
,39,39.0453855
,40,40.0521864
13,21,21.0289743,26.98153857
,22,22.0195443
,23,23.0072443537
,24,23.999948912
,25,24.9904281051
,26,25.98689190469
,27,26.9815385311,1
,28,27.9819102113
,29,28.980456510
,30,29.98296015
,31,30.98394522
,32,31.98808513
,33,32.99090981
,34,33.99670574
,35,34.99976475
,36,36.0063911
,37,37.0105313
,38,38.0174027
,39,39.0225454
,40,40.0300354
,41,41.0363864
,42,42.0438464
,43,43.0514775
14,22,22.0357954,28.08428.086
,23,23.0254454
,24,24.01153521
,25,25.00410911
,26,25.9923338411
,27,26.9867048115
,28,27.9769265346544,0.9222319
,29,28.9764946649052,0.046858
,30,29.97377013623,0.0309211
,31,30.97536319446
,32,31.9741515432
,33,32.9779769675
,34,33.97857615
,35,34.98458341
,36,35.98669577
,37,36.99292189
,38,37.99552375
,39,39.00249197
,40,40.0058325
,41,41.0130140
,42,42.0177854
,43,43.0248064
,44,44.0306164
,45,45.0399575
15,24,24.0357754,30.9737619985
,25,25.0211943
,26,26.0117821
,27,26.99922428
,28,27.992326612
,29,28.9818007960
,30,29.9783137534
,31,30.9737619984270,1
,32,31.97390764342
,33,32.971725712
,34,33.9736458987
,35,34.973314120
,36,35.97826014
,37,36.97960741
,38,37.98425293
,39,38.98622798
,40,39.9913312
,41,40.99465486
,42,42.0010823
,43,43.0050240
,44,44.0112154
,45,45.0164564
,46,46.0244675
,47,47.0313986
16,26,26.0290764,32.05932.076
,27,27.0182843
,28,28.0043717
,29,28.99661154
,30,29.9849070340
,31,30.9795570125
,32,31.972071174414,0.949926
,33,32.971458909815,0.00752
,34,33.96786700447,0.042524
,35,34.96903231043
,36,35.9670807120,0.00011
,37,36.9711255121
,38,37.971163377
,39,38.97513454
,40,39.975482643
,41,40.979593544
,42,41.981065130
,43,42.986907653
,44,43.990118856
,45,44.9957274
,46,46.0000454
,47,47.0079554
,48,48.0137064
,49,49.0227672
17,28,28.0295464,35.44635.457,
,29,29.0147843
,30,30.0047721
,31,30.99241454
,32,31.9856846460
,33,32.9774519942
,34,33.97376248552
,35,34.96885268237,0.757610
,36,35.96830680938
,37,36.96590260255,0.242410
,38,37.9680104411
,39,38.968008219
,40,39.97041534
,41,40.97068574
,42,41.9732515
,43,42.9738910
,44,43.9778720
,45,44.9802911
,46,45.9851717
,47,46.9891643
,48,47.9956454
,49,49.0012364
,50,50.0090564
,51,51.0155475
18,30,30.0230754,39.9481,
,31,31.0121222
,32,31.997637819
,33,32.9899255543
,34,33.98027009083
,35,34.9752575980
,36,35.96754510528,0.00333621
,37,36.9667763322
,38,37.9627321121,0.0006297
,39,38.964313054
,40,39.962383123724,0.99603525
,41,40.9645005737
,42,41.963045762
,43,42.965636157
,44,43.964923817
,45,44.9680397355
,46,45.96808344
,47,46.97293596
,48,47.9759132
,49,48.9819043
,50,49.9861354
,51,50.9937064
,52,51.9989664
,53,53.0072975
19,32,32.0226554,39.09831
,33,33.0075621
,34,33.9986932
,35,34.9880054155
,36,35.9813020137
,37,36.9733758910
,38,37.9690811221
,39,38.963706486449,0.93258144
,40,39.96399816660,0.0001171
,41,40.961825257941,0.06730244
,42,41.9624023111
,43,42.9607347044
,44,43.9615869945
,45,44.9606914956
,46,45.9619815978
,47,46.961661615
,48,47.9653411983
,49,48.9682107586
,50,49.972380083
,51,50.97582814
,52,51.9822443
,53,52.9874654
,54,53.9946364
,55,55.0007675
,56,56.0085186
20,34,34.0148732,40.0784,
,35,35.0051421
,36,35.99307443
,37,36.9858978568
,38,37.9763192221
,39,38.9707108164
,40,39.96259086322,0.96941156
,41,40.9622779215
,42,41.9586178316,0.0064723
,43,42.9587664424,0.0013510
,44,43.9554815635,0.02086110
,45,44.9561863539
,46,45.953689024,0.000043
,47,46.954542424
,48,47.9525227613,0.0018721
,49,48.9556627423
,50,49.957499217
,51,50.96098924
,52,51.96321764
,53,52.9694543
,54,53.9734054
,55,54.9803054
,56,55.9850864
,57,56.9926264
,58,57.9979475
21,36,36.0164832,44.9559085
,37,37.0037432
,38,37.9951221
,39,38.98478526
,40,39.977967330
,41,40.96925110588
,42,41.9655165318
,43,42.961150520
,44,43.959402919
,45,44.9559082877,1
,46,45.9551682678
,47,46.952403721
,48,47.952223653
,49,48.950014629
,50,49.95217616
,51,50.95359221
,52,51.9568815
,53,52.9590929
,54,53.9639339
,55,54.9678250
,56,55.9734543
,57,56.9777754
,58,57.9840364
,59,58.9889464
,60,59.9956575
,61,61.0010086
22,38,38.0114532,47.8671
,39,39.0023622
,40,39.9905017
,41,40.98314830
,42,41.9730490330
,43,42.968522578
,44,43.9596899575
,45,44.9581219895
,46,45.9526277235,0.08253
,47,46.9517587938,0.07442
,48,47.9479419838,0.73723
,49,48.9478656839,0.05412
,50,49.9447868939,0.05182
,51,50.9466106565
,52,51.946893076
,53,52.9497311
,54,53.9510513
,55,54.9552717
,56,55.9579115
,57,56.9636427
,58,57.9666043
,59,58.9724743
,60,59.9760354
,61,60.9824564
,62,61.9865175
,63,62.9937575
23,40,40.0127643,50.94151
,41,41.0002132
,42,41.9918232
,43,42.98076646
,44,43.9741120
,45,44.965774886
,46,45.9601987836
,47,46.9549049136
,48,47.952252211
,49,48.9485118096
,50,49.9471560195,0.002504
,51,50.9439570494,0.997504
,52,51.9447730195
,53,52.944336734
,54,53.94643916
,55,54.9472410
,56,55.9504819
,57,56.9525224
,58,57.9567214
,59,58.9593917
,60,59.9643124
,61,60.9672596
,62,61.9726532
,63,62.9763943
,64,63.9826443
,65,64.9875054
,66,65.9939864
24,42,42.0067043,51.99616
,43,42.9975343
,44,43.9853632
,45,44.97905038
,46,45.96835921
,47,46.962897475
,48,47.954029179
,49,48.951333325
,50,49.9460418394,0.0434513
,51,50.9447650294
,52,51.9405062363,0.8378918
,53,52.9406481562,0.0950117
,54,53.9388791661,0.023657
,55,54.9408384364
,56,55.940653120
,57,56.943613020
,58,57.9443522
,59,58.9485926
,60,59.9500823
,61,60.9544214
,62,61.9561016
,63,62.9616549
,64,63.9640832
,65,64.9699632
,66,65.9736654
,67,66.9801654
,68,67.9840375
25,44,44.0071554,54.9380443
,45,44.9944943
,46,45.9860943
,47,46.97577534
,48,47.9685218
,49,48.95959511
,50,49.9542377895
,51,50.9482084794
,52,51.945563920
,53,52.9412888968
,54,53.940357612
,55,54.9380439148,1
,56,55.9389036949
,57,56.938286116
,58,57.940066629
,59,58.940391125
,60,59.943136625
,61,60.944452525
,62,61.9479516
,63,62.949664740
,64,63.953849438
,65,64.956019840
,66,65.96054712
,67,66.9642443
,68,67.9696254
,69,68.9736664
,70,69.9793775
,71,70.9836875
26,45,45.0144243,55.8452
,46,46.0006354
,47,46.9918554
,48,47.9802343
,49,48.97342926
,50,49.96297564
,51,50.956841096
,52,51.948113170
,53,52.945306418
,54,53.9396089953,0.0584535
,55,54.9382919951
,56,55.9349363349,0.9175436
,57,56.9353928449,0.0211910
,58,57.9332744353,0.002824
,59,58.9348743454
,60,59.934071137
,61,60.936746228
,62,61.936791830
,63,62.940272746
,64,63.940987854
,65,64.945011573
,66,65.946250044
,67,66.9505423
,68,67.9529539
,69,68.9580743
,70,69.9610254
,71,70.9667264
,72,71.9698375
,73,72.9757275
,74,73.9793586
27,47,47.0105786,58.9331944
,48,48.0009386
,49,48.9889175
,50,49.9809164
,51,50.97064752
,52,51.9635121
,53,52.954204119
,54,53.9484598754
,55,54.9419972057
,56,55.9398388063
,57,56.9362905766
,58,57.935752113
,59,58.9331942956,1
,60,59.9338163056
,61,60.9324766295
,62,61.93405920
,63,62.93360020
,64,63.93581121
,65,64.936462122
,66,65.93944315
,67,66.940609669
,68,67.9442616
,69,68.9461420
,70,69.9496332
,71,70.9523750
,72,71.9572943
,73,72.9603954
,74,73.9651564
,75,74.9687675
,76,75.9741386
28,48,48.0176954,58.69344,
,49,49.0077086
,50,49.9947486
,51,50.9861186
,52,51.9748075
,53,52.96819027
,54,53.95789254
,55,54.9513306385
,56,55.9421285557
,57,56.9397921871
,58,57.9353424152,0.6807719
,59,58.9343462052
,60,59.9307858852,0.2622315
,61,60.9310555752,0.01139913
,62,61.9283453755,0.03634640
,63,62.9296696356
,64,63.9279668258,0.00925519
,65,64.9300851760
,66,65.929139315
,67,66.931569431
,68,67.931868832
,69,68.935610340
,70,69.936431323
,71,70.940519024
,72,71.941785924
,73,72.946206726
,74,73.9479843
,75,74.9525032
,76,75.9553354
,77,76.9605554
,78,77.9633686
,79,78.9702586
29,52,51.9967186,63.5463,
,53,52.9845986
,54,53.9766654
,55,54.9660417
,56,55.9589521
,57,56.9492125066
,58,57.9445330570
,59,58.9394974867
,60,59.937364518
,61,60.933457610
,62,61.9325954175
,63,62.9295977256,0.691515
,64,63.9297643456
,65,64.9277897071,0.308515
,66,65.9288690372
,67,66.927730313
,68,67.929610917
,69,68.929429315
,70,69.932392112
,71,70.932676816
,72,71.935820315
,73,72.936674421
,74,73.939874966
,75,74.941522625
,76,75.945275072
,77,76.9479216
,78,77.9522354
,79,78.9550243
,80,79.9608964
,81,80.9658786
,82,81.9724486
30,54,53.9920475,65.382,
,55,54.9839875
,56,55.9725454
,57,56.9650622
,58,57.95459154
,59,58.9493126689
,60,59.9418421069
,61,60.93950717
,62,61.9343339773
,63,62.933211517
,64,63.9291420171,0.491775
,65,64.9292407771
,66,65.9260338194,0.277398
,67,66.9271277596,0.040416
,68,67.9248445598,0.184563
,69,68.926550710
,70,69.925319221,0.006110
,71,70.927719628
,72,71.926842823
,73,72.929582620
,74,73.929407327
,75,74.932840221
,76,75.933115016
,77,76.936887221
,78,77.938289221
,79,78.942638124
,80,79.944552928
,81,80.950402654
,82,81.9542632
,83,82.9605654
,84,83.9652164
,85,84.9722675
31,56,55.9953664,69.7231
,57,56.9832032
,58,57.9747821
,59,58.9635318
,60,59.9572921
,61,60.94939941
,62,61.9441902575
,63,62.939294214
,64,63.936840415
,65,64.9327345988
,66,65.931589434
,67,66.928202513
,68,67.927980516
,69,68.925573513,0.601089
,70,69.926021913
,71,70.9247025887,0.398929
,72,71.9263674788
,73,72.925174718
,74,73.926945732
,75,74.926500226
,76,75.928827621
,77,76.929154326
,78,77.931608820
,79,78.932852320
,80,79.936420831
,81,80.938133835
,82,81.943176526
,83,82.947120328
,84,83.9524643
,85,84.9569932
,86,85.9630175
,87,86.9682486
32,58,57.9917243,72.6308
,59,58.9824932
,60,59.9703621
,61,60.9637932
,62,61.9550215
,63,62.94962840
,64,63.941689940
,65,64.939368123
,66,65.933862126
,67,66.932733950
,68,67.928095320
,69,68.927964514
,70,69.9242487590,0.205727
,71,70.9249523390
,72,71.92207582681,0.274532
,73,72.92345895661,0.077512
,74,73.92117776113,0.365020
,75,74.92285837055
,76,75.92140272619,0.077312
,77,76.92354984357
,78,77.922852938
,79,78.92536040
,80,79.925350822
,81,80.928832922
,82,81.929774024
,83,82.934539126
,84,83.937575134
,85,84.942969740
,86,85.9465832
,87,86.9526843
,88,87.9569154
,89,88.9637964
,90,89.9686375
33,60,59.9938843,74.9215956
,61,60.9811232
,62,61.9736132
,63,62.9639021
,64,63.9574333
,65,64.94961191
,66,65.944148861
,67,66.9392511148
,68,67.936774120
,69,68.93224634
,70,69.93092654
,71,70.927113845
,72,71.926752344
,73,72.923829141
,74,73.923928618
,75,74.9215945795,1
,76,75.9223920295
,77,76.920647618
,78,77.92182811
,79,78.920948458
,80,79.922474636
,81,80.922132329
,82,81.924741246
,83,82.925206930
,84,83.929303334
,85,84.932163733
,86,85.936701537
,87,86.940291732
,88,87.9455521
,89,88.9497632
,90,89.9556364
,91,90.9603964
,92,91.9667475
34,64,63.9710954,78.9718,
,65,64.9644064
,66,65.9555932
,67,66.94999472
,68,67.9418252453
,69,68.939414816
,70,69.933515517
,71,70.932209430
,72,71.927140521
,73,72.926754980
,74,73.92247593415,0.00894
,75,74.92252287078
,76,75.91921370417,0.093729
,77,76.91991415467,0.076316
,78,77.9173092820,0.237728
,79,78.9184992924
,80,79.916521813,0.496141
,81,80.917993014
,82,81.916699515,0.087322
,83,82.919118636
,84,83.918466821
,85,84.922260828
,86,85.924311727
,87,86.928688624
,88,87.931417536
,89,88.936669140
,90,89.9401035
,91,90.9459654
,92,91.9498464
,93,92.9562986
,94,93.9604986
,95,94.9673086
35,67,66.9646554,79.90179.907
,68,67.9587333
,69,68.95049740
,70,69.94479216
,71,70.939342258
,72,71.936588672
,73,72.931671578
,74,73.929910263
,75,74.925810546
,76,75.92454210
,77,76.921379230
,78,77.921145938
,79,78.918337614,0.50697
,80,79.918529814
,81,80.916289714,0.49317
,82,81.916803214
,83,82.915175641
,84,83.91649628
,85,84.915645833
,86,85.918805433
,87,86.920674034
,88,87.924083334
,89,88.926704635
,90,89.931292836
,91,90.934398638
,92,91.939631672
,93,92.9431348
,94,93.9489043
,95,94.9530121
,96,95.9590332
,97,96.9634443
,98,97.9694643
36,69,68.9651843,83.7982,
,70,69.9560421
,71,70.9502714
,72,71.942092486
,73,72.939289271
,74,73.933084022
,75,74.930945787
,76,75.925910343
,77,76.924670021
,78,77.9203649476,0.003553
,79,78.920082938
,80,79.9163780875,0.0228610
,81,80.916591215
,82,81.9134827394,0.1159331
,83,82.9141271632,0.1150019
,84,83.911497728244,0.5698715
,85,84.912527321
,86,85.910610626941,0.1727941
,87,86.9133547626
,88,87.914447928
,89,88.917835523
,90,89.919527920
,91,90.923806324
,92,91.926173129
,93,92.931147227
,94,93.93414013
,95,94.93971120
,96,95.94301722
,97,96.9490914
,98,97.9524332
,99,98.9583954
,100,99.9623743
,101,100.9687354
37,71,70.9653254,85.46783,
,72,71.9590854
,73,72.9505311
,74,73.944265932
,75,74.938573213
,76,75.935073010
,77,76.930401614
,78,77.928141935
,79,78.923989923
,80,79.922516420
,81,80.918993953
,82,81.918209032
,83,82.915114225
,84,83.914375224
,85,84.911789737954,0.72172
,86,85.9111674321
,87,86.909180531060,0.27832
,88,87.9113155917
,89,88.912278359
,90,89.914798570
,91,90.916537284
,92,91.919728466
,93,92.922039384
,94,93.926394822
,95,94.92926022
,96,95.934133436
,97,96.937177121
,98,97.941686937
,99,98.9450312
,100,99.9500321
,101,100.9540423
,102,101.9595232
,103,102.9639243
38,73,72.9657043,87.621,
,74,73.9561711
,75,74.9499524
,76,75.94176337
,77,76.937945585
,78,77.932180080
,79,78.929707790
,80,79.924517537
,81,80.923211434
,82,81.918399964
,83,82.917554473
,84,83.913419113,0.00561
,85,84.912932030
,86,85.909260612,0.09861
,87,86.908877512,0.07001
,88,87.905612512,0.82581
,89,88.907451112
,90,89.907730028
,91,90.910195461
,92,91.911038237
,93,92.914024281
,94,93.915355618
,95,94.919352963
,96,95.921706693
,97,96.926374036
,98,97.928688840
,99,98.932890738
,100,99.93577010
,101,100.94035286
,102,101.94379175
,103,102.9490921
,104,103.9526532
,105,104.9585554
,106,105.9626564
,107,106.9689775
39,76,75.9585654,88.905842
,77,76.94978165
,78,77.9436143
,79,78.9373548
,80,79.934356167
,81,80.929455658
,82,81.926931459
,83,82.92248520
,84,83.920672146
,85,84.91643320
,86,85.91488615
,87,86.910876117
,88,87.909501620
,89,88.905840324,1
,90,89.907143924
,91,90.907297428
,92,91.908945199
,93,92.90957811
,94,93.911590669
,95,94.912816174
,96,95.915896869
,97,96.918274175
,98,97.922382188
,99,98.924148074
,100,99.92771512
,101,100.930147779
,102,101.934327744
,103,102.93724312
,104,103.9419643
,105,104.9454454
,106,105.9505654
,107,106.9545254
,108,107.9599664
,109,108.9643675
40,78,77.9556654,91.2242,
,79,78.9494843
,80,79.940416
,81,80.9373118
,82,81.9313522
,83,82.929242169
,84,83.923326959
,85,84.921444469
,86,85.916297238
,87,86.914818045
,88,87.910221358
,89,88.908881437
,90,89.904697720,0.514540
,91,90.905639620,0.11225
,92,91.905034720,0.17158
,93,92.906469920
,94,93.906310820,0.173828
,95,94.908038519
,96,95.908271421,0.02809
,97,96.910951221
,98,97.912728993
,99,98.91666711
,100,99.918000689
,101,100.921448091
,102,101.923140997
,103,102.92719110
,104,103.92943610
,105,104.93400813
,106,105.9367621
,107,106.9417432
,108,107.9448743
,109,108.9504154
,110,109.9539664
,111,110.9596875
,112,111.9637075
41,81,80.9496043,92.906372
,82,81.9439632
,83,82.9372932
,84,83.9344932
,85,84.928845844
,86,85.925782859
,87,86.920693773
,88,87.91822261
,89,88.91344525
,90,89.911258438
,91,90.906989737
,92,91.907188126
,93,92.906373020,1
,94,93.907278820
,95,94.9068324071
,96,95.908097335
,97,96.908095919
,98,97.910326558
,99,98.91161313
,100,99.914327688
,101,100.915310342
,102,101.918077235
,103,102.919457244
,104,103.922892537
,105,104.924946545
,106,105.928931746
,107,106.931593787
,108,107.936074888
,109,108.9392256
,110,109.9440321
,111,110.9475332
,112,111.9524732
,113,112.9565143
,114,113.9620154
,115,114.9663454
42,83,82.9498843,95.951,
,84,83.9414943
,85,84.93826117
,86,85.931174840
,87,86.928196231
,88,87.921967841
,89,88.919468242
,90,89.913930938
,91,90.911745367
,92,91.9068079684,0.145330
,93,92.9068095884
,94,93.9050849048,0.09159
,95,94.9058387747,0.158411
,96,95.9046761247,0.166715
,97,96.9060181249,0.096014
,98,97.9054048249,0.243937
,99,98.9077085152
,100,99.907471811,0.098231
,101,100.910341411
,102,101.910283491
,103,102.91307910
,104,103.913734498
,105,104.91696910
,106,105.91825910
,107,106.92210610
,108,107.92403310
,109,108.92842412
,110,109.93070426
,111,110.93565414
,112,111.9383121
,113,112.9433532
,114,113.9465332
,115,114.9519643
,116,115.9554554
,117,116.9611754
43,85,84.9505843,98
,86,85.9449332
,87,86.938067245
,88,87.9337816
,89,88.927648741
,90,89.924073911
,91,90.918425425
,92,91.915269833
,93,92.910246014
,94,93.909653644
,95,94.907653655
,96,95.907868055
,97,96.906366740
,98,97.907212436
,99,98.906250810
,100,99.907653915
,101,100.90730926
,102,101.909209799
,103,102.90917611
,104,103.91142527
,105,104.91165538
,106,105.91435813
,107,106.915460693
,108,107.918495794
,109,108.92025610
,110,109.92374410
,111,110.92590111
,112,111.929945860
,113,112.932569036
,114,113.9369111
,115,114.9399821
,116,115.9447632
,117,116.9480643
,118,117.9529943
,119,118.9566654
,120,119.9618754
44,87,86.9506943,101.072,
,88,87.9416032
,89,88.9376232
,90,89.930344440
,91,90.926741924
,92,91.920234429
,93,92.917104422
,94,93.911342934
,95,94.91040610
,96,95.9075902549,0.055414
,97,96.907547130
,98,97.905286869,0.01873
,99,98.905934111,0.127614
,100,99.904214311,0.12607
,101,100.905576912,0.17062
,102,101.904344112,0.315514
,103,102.906318612
,104,103.905427528,0.186227
,105,104.907747628
,106,105.907329158
,107,106.909972093
,108,107.910188093
,109,108.913326096
,110,109.914040796
,111,110.91757010
,112,111.91880910
,113,112.92284439
,114,113.924613638
,115,114.92882071
,116,115.931219240
,117,116.9361063
,118,117.9385332
,119,118.9435732
,120,119.9463143
,121,120.9516443
,122,121.9544754
,123,122.9598954
,124,123.9630564
45,89,88.9505839,102.905502
,90,89.9442243
,91,90.9368843
,92,91.932367747
,93,92.925912828
,94,93.921730536
,95,94.915897942
,96,95.91445311
,97,96.91132938
,98,97.91070813
,99,98.908128273
,100,99.90811719
,101,100.906160663
,102,101.906837450
,103,102.905498026,1
,104,103.906649226
,105,104.905688527
,106,105.907286858
,107,106.90674813
,108,107.90871415
,109,108.908748843
,110,109.91107919
,111,110.911642374
,112,111.91440347
,113,112.915439377
,114,113.91871877
,115,114.920311678
,116,115.92405976
,117,116.926035495
,118,117.93034026
,119,118.93255710
,120,119.9368621
,121,120.9394232
,122,121.9439932
,123,122.9468543
,124,123.9515143
,125,124.9546954
,126,125.9594654
46,91,90.9503254,106.421,
,92,91.9408854
,93,92.9365143
,94,93.929037646
,95,94.924889833
,96,95.918215145
,97,96.916472052
,98,97.912698351
,99,98.911774854
,100,99.90850519
,101,100.908286449
,102,101.905602228,0.01021
,103,102.906080927
,104,103.904030514,0.11148
,105,104.905079612,0.22338
,106,105.903480412,0.27333
,107,106.905128213
,108,107.903891612,0.26469
,109,108.905950412
,110,109.9051722075,0.11729
,111,110.9076896886
,112,111.907329770
,113,112.910261075
,114,113.910368675
,115,114.91365915
,116,115.914297077
,117,116.917954778
,118,117.919066727
,119,118.923340289
,120,119.924551125
,121,120.928950336
,122,121.93063221
,123,122.9351421
,124,123.9371432
,125,124.9417943
,126,125.9441654
,127,126.9490754
,128,127.9518364
47,93,92.9503354,107.86822,
,94,93.9437369
,95,94.9360243
,96,95.93074497
,97,96.9239712
,98,97.92156035
,99,98.917645867
,100,99.916115454
,101,100.912684052
,102,101.911704788
,103,102.908963141
,104,103.908623945
,105,104.906525649
,106,105.906663632
,107,106.905091626,0.518398
,108,107.905950326
,109,108.904755314,0.481618
,110,109.906110214
,111,110.905295916
,112,111.907048626
,113,112.90657318
,114,113.908823049
,115,114.90876720
,116,115.911386835
,117,116.91177415
,118,117.914595527
,119,118.91557016
,120,119.918784848
,121,120.92012513
,122,121.92366441
,123,122.92533733
,124,123.9289327
,125,124.9310564
,126,125.9347521
,127,126.9371121
,128,127.9410632
,129,128.9439532
,130,129.9507036
48,95,94.9499454,112.4144,
,96,95.9403443
,97,96.9351032
,98,97.92738956
,99,98.924925817
,100,99.920348818
,101,100.918586216
,102,101.914482018
,103,102.913416519
,104,103.909856418
,105,104.909463915
,106,105.906459912,0.01256
,107,106.906612118
,108,107.904183412,0.00893
,109,108.904986717
,110,109.9030066161,0.124918
,111,110.9041828761,0.128012
,112,111.9027628760,0.241321
,113,112.9044081345,0.122212
,114,113.9033650943,0.287342
,115,114.9054375177
,116,115.9047631517,0.074918
,117,116.907226011
,118,117.90692221
,119,118.90984740
,120,119.909868140
,121,120.912963721
,122,121.913459125
,123,122.916892529
,124,123.917657432
,125,124.921257631
,126,125.922429127
,127,126.92647214
,128,127.927812978
,129,128.9318221
,130,129.9339418
,131,130.9406021
,132,131.9460421
,133,132.9528532
49,97,96.9493454,114.8181
,98,97.9421421
,99,98.9341121
,100,99.9309620
,101,100.9263432
,102,101.924107149
,103,102.919881998
,104,103.918214562
,105,104.91450211
,106,105.91346413
,107,106.91029012
,108,107.909693593
,109,108.907151443
,110,109.90717012
,111,110.905108538
,112,111.905537746
,113,112.9040618491,0.04295
,114,113.9049179194
,115,114.90387877612,0.95715
,116,115.9052599924
,117,116.904515752
,118,117.906356683
,119,118.905850778
,120,119.90796743
,121,120.90785129
,122,121.91028154
,123,122.91043421
,124,123.91318233
,125,124.91360529
,126,125.91650729
,127,126.91744623
,128,127.9204016
,129,128.921805329
,130,129.92497741
,131,130.926971529
,132,131.93300164
,133,132.9383121
,134,133.9445432
,135,134.9500543
50,99,98.9485354,118.7107,
,100,99.9385032
,101,100.9352632
,102,101.9302911
,103,102.92810576
,104,103.923105262
,105,104.921268443
,106,105.916957455
,107,106.915713757
,108,107.911894358
,109,108.911292185
,110,109.90784515
,111,110.907740158
,112,111.9048238761,0.00971
,113,112.905175718
,114,113.902782710,0.00661
,115,114.90334469916,0.00341
,116,115.9017428010,0.14549
,117,116.9029539852,0.07687
,118,117.9016065754,0.24229
,119,118.9033111778,0.08594
,120,119.9022016397,0.32589
,121,120.904242610
,122,121.903443826,0.04633
,123,122.905725226
,124,123.905276611,0.05795
,125,124.907786411
,126,125.90765911
,127,126.91039011
,128,127.91050719
,129,128.91346521
,130,129.913973823
,131,130.917045065
,132,131.917826731
,133,132.923913426
,134,133.928682135
,135,134.934908633
,136,135.9399943
,137,136.9465554
,138,137.9518464
51,103,102.9396932,121.7601,
,104,103.9364813
,105,104.93127623
,106,105.928638080
,107,106.924150645
,108,107.922226759
,109,108.918141157
,110,109.916854364
,111,110.913218295
,112,111.91240019
,113,112.90937518
,114,113.90929023
,115,114.90659817
,116,115.906793155
,117,116.904841591
,118,117.905532132
,119,118.903945583
,120,119.905079477
,121,120.903812030,0.57215
,122,121.905169930
,123,122.904213223,0.42795
,124,123.905935023
,125,124.905253028
,126,125.90725334
,127,126.906924355
,128,127.90914621
,129,128.90914723
,130,129.91166215
,131,130.911988823
,132,131.914507729
,133,132.915273234
,134,133.920535718
,135,134.925185131
,136,135.930745968
,137,136.9355532
,138,137.9414532
,139,138.9465543
,140,139.9528364
52,105,104.9433032,127.603,
,106,105.9375011
,107,106.93501276
,108,107.929380558
,109,108.927304547
,110,109.922458171
,111,110.921000669
,112,111.916727990
,113,112.91589130
,114,113.91208930
,115,114.91190230
,116,115.90846030
,117,116.90864614
,118,117.90585420
,119,118.906407185
,120,119.904059333,0.00091
,121,120.90494428
,122,121.903043516,0.025512
,123,122.904269816,0.00893
,124,123.902817116,0.047414
,125,124.904429916,0.070715
,126,125.903310916,0.188425
,127,126.905225716
,128,127.9044612893,0.31748
,129,128.9065964693
,130,129.90622274812,0.340862
,131,130.90852221365
,132,131.908546737
,133,132.910968839
,134,133.911394030
,135,134.916555729
,136,135.920100626
,137,136.925598927
,138,137.929472247
,139,138.935367238
,140,139.93949930
,141,140.9458043
,142,141.9502254
,143,142.9567654
53,107,106.9467832,126.904473
,108,107.9434814
,109,108.938085361
,110,109.93508954
,111,110.930269251
,112,111.92800511
,113,112.923650186
,114,113.9218532
,115,114.91804831
,116,115.9168110
,117,116.91364828
,118,117.91307421
,119,118.91007430
,120,119.91008716
,121,120.907405158
,122,121.907588856
,123,122.905588540
,124,123.906209026
,125,124.904629416
,126,125.905623341
,127,126.904471939,1
,128,127.905808639
,129,128.904983734
,130,129.906670234
,131,130.9061263069
,132,131.907993544
,133,132.907797050
,134,133.909758859
,135,134.910048858
,136,135.91460415
,137,136.918028290
,138,137.922726464
,139,138.92650631
,140,139.9317320
,141,140.9356921
,142,141.9412040
,143,142.9456532
,144,143.9513943
,145,144.9560554
54,109,108.9504332,131.2936,
,110,109.9442611
,111,110.94160793
,112,111.935559089
,113,112.933221773
,114,113.92798012
,115,114.92629413
,116,115.92158114
,117,116.92035911
,118,117.91617911
,119,118.91541111
,120,119.91178413
,121,120.91145311
,122,121.90836812
,123,122.90848210
,124,123.905892019,0.0009523
,125,124.906394420
,126,125.904298338,0.0008902
,127,126.905182944
,128,127.903531011,0.0191028
,129,128.904780861160,0.26400682
,130,129.90350934910,0.04071013
,131,130.9050840624,0.21232430
,132,131.904155085656,0.26908633
,133,132.905910826
,134,133.9053946690,0.10435721
,135,134.907227845
,136,135.90721448411,0.08857344
,137,136.9115577811
,138,137.914146330
,139,138.918792223
,140,139.921645825
,141,140.926787231
,142,141.929973129
,143,142.935369650
,144,143.938945157
,145,144.94472012
,146,145.94851826
,147,146.9542621
,148,147.9581321
55,112,111.95030993,132.905451966
,113,112.944429193
,114,113.94129676
,115,114.9359132
,116,115.9333711
,117,116.92861767
,118,117.92656014
,119,118.92237715
,120,119.92067711
,121,120.91722715
,122,121.91610836
,123,122.91299613
,124,123.912257889
,125,124.909728083
,126,125.90944611
,127,126.907417460
,128,127.907748758
,129,128.906065749
,130,129.906709390
,131,130.905464953
,132,131.906433921
,133,132.905451961080,1
,134,133.90671850317
,135,134.905977011
,136,135.907311420
,137,136.9070892336
,138,137.911017198
,139,138.913363834
,140,139.917283188
,141,140.920045598
,142,141.924296079
,143,142.92734924
,144,143.93207627
,145,144.93552712
,146,145.94034442
,147,146.94415657
,148,147.9492362
,149,148.9530221
,150,149.9583332
,151,150.9625843
56,114,113.9506612,137.3277
,115,114.9473754
,116,115.9412832
,117,116.9381421
,118,117.9330621
,119,118.9306621
,120,119.9260532
,121,120.9240515
,122,121.91990430
,123,122.91878113
,124,123.91509413
,125,124.91447212
,126,125.91125013
,127,126.91109112
,128,127.908342056
,129,128.90868111
,130,129.906320728,0.001061
,131,130.906941028
,132,131.905061111,0.001011
,133,132.906007411
,134,133.9045081830,0.0241718
,135,134.9056883829,0.0659212
,136,135.9045757329,0.0785424
,137,136.9058271430,0.1123224
,138,137.9052470031,0.7169842
,139,138.9088411031
,140,139.910605785
,141,140.914403357
,142,141.916432464
,143,142.920625374
,144,143.922954977
,145,144.927518491
,146,145.93028422
,147,146.93530421
,148,147.93817168
,149,148.9430821
,150,149.9460532
,151,150.9512732
,152,151.9548143
,153,152.9603643
57,116,115.9563023,138.905477,
,117,116.9499932
,118,117.9467332
,119,118.9409932
,120,119.9380732
,121,120.9331532
,122,121.9307132
,123,122.9263021
,124,123.92457461
,125,124.92081628
,126,125.91951397
,127,126.91637528
,128,127.91559258
,129,128.91269423
,130,129.91236928
,131,130.91007030
,132,131.91011939
,133,132.90821830
,134,133.90851421
,135,134.90698410
,136,135.90763557
,137,136.906450418
,138,137.907114937,0.000888171
,139,138.906356324,0.999111971
,140,139.909480624
,141,140.910966048
,142,141.914090969
,143,142.916079579
,144,143.91964614
,145,144.92180813
,146,145.92587536
,147,146.92841812
,148,147.93267921
,149,148.9353521
,150,149.9394721
,151,150.9423221
,152,151.9468232
,153,152.9503632
,154,153.9551743
,155,154.9590143
58,119,118.9527154,140.1161,
,120,119.9465454
,121,120.9433543
,122,121.9378743
,123,122.9352832
,124,123.9303132
,125,124.9284421
,126,125.92397130
,127,126.92272731
,128,127.91891130
,129,128.91810230
,130,129.91473630
,131,130.91442935
,132,131.91146422
,133,132.91152018
,134,133.90892822
,135,134.90916111
,136,135.9071292141,0.001852
,137,136.9077623645
,138,137.90599111,0.002512
,139,138.906655178
,140,139.905443123,0.8845051
,141,140.908280723
,142,141.909250429,0.1111451
,143,142.912392129
,144,143.913652934
,145,144.91726536
,146,145.91880218
,147,146.922689992
,148,147.92442412
,149,148.92842711
,150,149.93038413
,151,150.93427219
,152,151.9366021
,153,152.9409321
,154,153.9438032
,155,154.9485543
,156,155.9518343
,157,156.9570554
59,121,120.9553254,140.907662
,122,121.9517554
,123,122.9459643
,124,123.9429443
,125,124.9377032
,126,125.9352421
,127,126.9307121
,128,127.92879132
,129,128.92509532
,130,129.92359069
,131,130.92023550
,132,131.91925561
,133,132.91633113
,134,133.91569722
,135,134.91311213
,136,135.91267712
,137,136.910679287
,138,137.91075415
,139,138.908940885
,140,139.909080369
,141,140.907657623,1
,142,141.910049623
,143,142.910822824
,144,143.913310932
,145,144.914518278
,146,145.91768037
,147,146.91900817
,148,147.92213016
,149,148.92373611
,150,149.926676597
,151,150.92830913
,152,151.93155320
,153,152.93390413
,154,153.9375316
,155,154.94050918
,156,155.9446432
,157,156.9478943
,158,157.9524143
,159,158.9558954
60,124,123.9522054,144.2423,
,125,124.9489043
,126,125.9431132
,127,126.9403832
,128,127.9352521
,129,128.9331022
,130,129.92850630
,131,130.92724830
,132,131.92332126
,133,132.92234850
,134,133.91879013
,135,134.91818121
,136,135.91497613
,137,136.91456213
,138,137.91195012
,139,138.91195430
,140,139.90955028
,141,140.909614738
,142,141.907729020,0.2715240
,143,142.909820020,0.1217426
,144,143.910093020,0.2379819
,145,144.912579320,0.0829312
,146,145.913122620,0.1718932
,147,146.916106120
,148,147.916899326,0.0575621
,149,148.920154826
,150,149.920902218,0.0563828
,151,150.923840318
,152,151.92469226
,153,152.927718029
,154,153.9294812
,155,154.933135798
,156,155.9350821
,157,156.93938627
,158,157.9419732
,159,158.9465343
,160,159.9494043
,161,160.9542854
61,126,125.9579254,145
,127,126.9519243
,128,127.9487032
,129,128.9432332
,130,129.9405321
,131,130.9356721
,132,131.9338416
,133,132.92978254
,134,133.92835362
,135,134.92482370
,136,135.92358577
,137,136.92048014
,138,137.91954830
,139,138.91680015
,140,139.91604038
,141,140.91355515
,142,141.91289025
,143,142.910938334
,144,143.912596434
,145,144.912755933
,146,145.914702448
,147,146.915145019
,148,147.917481963
,149,148.918342327
,150,149.92099122
,151,150.921217551
,152,151.92350628
,153,152.924156797
,154,153.92647248
,155,154.928137051
,156,155.931117539
,157,156.933121475
,158,157.93656514
,159,158.93928711
,160,159.9431032
,161,160.9460732
,162,161.9502243
,163,162.9535754
62,128,127.9584254,150.362,
,129,128.9547654
,130,129.9490043
,131,130.9461843
,132,131.9408732
,133,132.9385632
,134,133.9341121
,135,134.9325217
,136,135.92827613
,137,136.92697146
,138,137.92324413
,139,138.92229712
,140,139.91899513
,141,140.918481692
,142,141.915204436
,143,142.914635333
,144,143.912006521,0.03077
,145,144.913417321
,146,145.913047035
,147,146.914904419,0.149918
,148,147.914829219,0.112410
,149,148.917192118,0.13827
,150,149.917282918,0.07381
,151,150.919939818
,152,151.919739718,0.267516
,153,152.922104718
,154,153.922216920,0.227529
,155,154.924647720
,156,155.92553610
,157,156.928418748
,158,157.929951053
,159,158.933217264
,160,159.935335364
,161,160.939160273
,162,161.9414621
,163,162.9455532
,164,163.9483632
,165,164.9529743
63,130,129.9636954,151.9641,
,131,130.9578443
,132,131.9546743
,133,132.9492932
,134,133.9464032
,135,134.9418721
,136,135.9396221
,137,136.9354621
,138,137.93370930
,139,138.92979214
,140,139.92808855
,141,140.92493214
,142,141.92344232
,143,142.92029912
,144,143.91882012
,145,144.916272636
,146,145.917211065
,147,146.916752731
,148,147.91808911
,149,148.917937844
,150,149.919707768
,151,150.919857818,0.47816
,152,151.921752218
,153,152.921238018,0.52196
,154,153.922987019
,155,154.922901119
,156,155.924760559
,157,156.925433446
,158,157.92779911
,159,158.929100147
,160,159.93185110
,161,160.93366411
,162,161.93698965
,163,162.93919676
,164,163.9427422
,165,164.9455935
,166,165.9496232
,167,166.9528943
64,133,132.9613354,157.253,
,134,133.9556643
,135,134.9524543
,136,135.9473032
,137,136.9450232
,138,137.9402521
,139,138.9381321
,140,139.93367430
,141,140.93212621
,142,141.92811630
,143,142.9267522
,144,143.92296330
,145,144.92171321
,146,145.918318846
,147,146.919101425
,148,147.918121521
,149,148.919348138
,150,149.918664466
,151,150.920356035
,152,151.919799518,0.00201
,153,152.921758018
,154,153.920874117,0.02183
,155,154.922630517,0.148012
,156,155.922131217,0.20479
,157,156.923968617,0.15652
,158,157.924112317,0.24847
,159,158.926397017
,160,159.927062418,0.218619
,161,160.929677521
,162,161.930993045
,163,162.934176990
,164,163.9358321
,165,164.9393632
,166,165.9414664
,167,166.9454543
,168,167.9480843
,169,168.9526054
65,135,134.9647643,158.925352
,136,135.9612954
,137,136.9560254
,138,137.9531232
,139,138.9483332
,140,139.9458186
,141,140.9414511
,142,141.9392875
,143,142.93513755
,144,143.93304530
,145,144.9288210
,146,145.92725348
,147,146.924054887
,148,147.92428214
,149,148.923253541
,150,149.923664980
,151,150.923109646
,152,151.92408343
,153,152.923442444
,154,153.92468549
,155,154.92351111
,156,155.924755243
,157,156.924033018
,158,157.925420920
,159,158.925354719,1
,160,159.927175619
,161,160.927577820
,162,161.92949539
,163,162.930654747
,164,163.9333611
,165,164.9349821
,166,165.93786075
,167,166.9399621
,168,167.9434032
,169,168.9459732
,170,169.9498443
,171,170.9527354
66,138,137.9625043,162.5001,
,139,138.9595954
,140,139.9540254
,141,140.9512832
,142,141.9461978
,143,142.94399414
,144,143.939269577
,145,144.937474070
,146,145.932844572
,147,146.931082795
,148,147.92715710
,149,148.92732210
,150,149.925593348
,151,150.926191638
,152,151.924725351
,153,152.925772445
,154,153.924429380
,155,154.92575910
,156,155.924284717,0.000563
,157,156.925470757
,158,157.924415931,0.000953
,159,158.925747022
,160,159.925204620,0.0232918
,161,160.926940520,0.1888942
,162,161.926805620,0.2547536
,163,162.928738320,0.2489642
,164,163.929181920,0.2826054
,165,164.931710520
,166,165.932813921
,167,166.93566165
,168,167.9371315
,169,168.9403132
,170,169.9423921
,171,170.9461232
,172,171.9484632
,173,172.9528343
67,140,139.9685954,164.930332
,141,140.9631154
,142,141.9600154
,143,142.9548643
,144,143.952109791
,145,144.947267480
,146,145.944993571
,147,146.940142354
,148,147.93774490
,149,148.93380316
,150,149.93349815
,151,150.931698389
,152,151.93172414
,153,152.930206456
,154,153.930606889
,155,154.92910419
,156,155.92970664
,157,156.92825425
,158,157.92894629
,159,158.927719736
,160,159.92873716
,161,160.927861530
,162,161.929102339
,163,162.928741020
,164,163.930240325
,165,164.930328821,1
,166,165.932290921
,167,166.933138559
,168,167.93552232
,169,168.93687822
,170,169.93962554
,171,170.9414764
,172,171.9447321
,173,172.9470232
,174,173.9509532
,175,174.9536243
68,142,141.9701054,167.2593,
,143,142.9666243
,144,143.9607021
,145,144.9580521
,146,145.952418472
,147,146.94996441
,148,147.94473511
,149,148.94230630
,150,149.93791618
,151,150.93744918
,152,151.93505710
,153,152.93508010
,154,153.932790855
,155,154.933215967
,156,155.93106726
,157,156.93194927
,158,157.92989327
,159,158.930691842
,160,159.92907726
,161,160.930004696
,162,161.928788420,0.001395
,163,162.930040853
,164,163.929208820,0.016013
,165,164.930734521
,166,165.930299522,0.3350336
,167,166.932054622,0.228699
,168,167.932376722,0.2697818
,169,168.934596822
,170,169.935470226,0.1491036
,171,170.938035726
,172,171.939361947
,173,172.9424021
,174,173.9442332
,175,174.9477743
,176,175.9499443
,177,176.9539954
69,144,143.9762843,168.934222
,145,144.9703921
,146,145.9668421
,147,146.961379973
,148,147.95838411
,149,148.9528932
,150,149.9500921
,151,150.94548821
,152,151.94442279
,153,152.94204016
,154,153.94157015
,155,154.93921011
,156,155.93899216
,157,156.93694428
,158,157.93698027
,159,158.93497530
,160,159.93526337
,161,160.93354930
,162,161.93400228
,163,162.932659262
,164,163.93354426
,165,164.932443126
,166,165.93356113
,167,166.932856225
,168,167.934177427
,169,168.934217922,1
,170,169.935806022
,171,170.936433924
,172,171.938405562
,173,172.939608453
,174,173.94217348
,175,174.94384154
,176,175.9470011
,177,176.9490432
,178,177.9526443
,179,178.9553454
70,148,147.9675864,173.0545,
,149,148.9643654
,150,149.9585243
,151,150.9554032
,152,151.9502717
,153,152.9493221
,154,153.94639619
,155,154.94578318
,156,155.94282511
,157,156.94264512
,158,157.939870586
,159,158.94005519
,160,159.93755717
,161,160.93790717
,162,161.93577417
,163,162.93634017
,164,163.93449517
,165,164.93527028
,166,165.933874778
,167,166.934953047
,168,167.933889622,0.001233
,169,168.935182522
,170,169.934766422,0.0298239
,171,170.936330222,0.140914
,172,171.936385922,0.216813
,173,172.938215122,0.1610363
,174,173.938866422,0.3202680
,175,174.941280822
,176,175.942576424,0.1299683
,177,176.945265624
,178,177.94665111
,179,178.9500421
,180,179.9521232
,181,180.9558932
71,150,149.9735554,174.96681,
,151,150.9676843
,152,151.9641221
,153,152.9587517
,154,153.9573622
,155,154.95432121
,156,155.95303379
,157,156.95012716
,158,157.94931616
,159,158.94663640
,160,159.94603361
,161,160.94357230
,162,161.94328381
,163,162.94117930
,164,163.94133930
,165,164.93940728
,166,165.93985932
,167,166.93827034
,168,167.93873642
,169,168.937644139
,170,169.93847818
,171,170.937917027
,172,171.939089130
,173,172.938934023
,174,173.940340923
,175,174.940775220,0.9740113
,176,175.942689720,0.0259913
,177,176.943761520
,178,177.945958029
,179,178.947330957
,180,179.94988876
,181,180.9519117
,182,181.9550421
,183,182.95736398
,184,183.9609132
,185,184.9636232
72,153,152.9706954,178.492
,154,153.9648654
,155,154.9631132
,156,155.9593517
,157,156.9582421
,158,157.95480119
,159,158.95399618
,160,159.95069111
,161,160.95027824
,162,161.947214897
,163,162.94711327
,164,163.94437117
,165,164.94456730
,166,165.94218030
,167,166.94260030
,168,167.94056830
,169,168.94125930
,170,169.93960930
,171,170.94049231
,172,171.93945026
,173,172.94051330
,174,173.940046128,0.00161
,175,174.941509229
,176,175.941407622,0.05267
,177,176.943227720,0.18609
,178,177.943705820,0.27287
,179,178.945823220,0.13622
,180,179.946557020,0.350816
,181,180.949108320
,182,181.950561268
,183,182.95353032
,184,183.95544643
,185,184.95886298
,186,185.96089759
,187,186.9647732
,188,187.9668532
,189,188.9708432
73,155,154.9742454,180.947882
,156,155.9720332
,157,156.9681817
,158,157.9665422
,159,158.96302321
,160,159.96148879
,161,160.95845227
,162,161.95729456
,163,162.95433741
,164,163.95353430
,165,164.95078115
,166,165.95051230
,167,166.94809330
,168,167.94804730
,169,168.94601130
,170,169.94617530
,171,170.94447630
,172,171.94489530
,173,172.94375030
,174,173.94445430
,175,174.94373730
,176,175.94485733
,177,176.944479538
,178,177.94567856
,179,178.945936621
,180,179.947464824,0.000120132
,181,180.947995820,0.999879932
,182,181.950151920
,183,182.951372620
,184,183.95400828
,185,184.95555915
,186,185.95855164
,187,186.96038671
,188,187.96391671
,189,188.9658332
,190,189.9693921
,191,190.9715632
,192,191.9751443
74,157,156.9788443,183.841
,158,157.9745654
,159,158.9726432
,160,159.9684617
,161,160.9672021
,162,161.96349919
,163,162.96252457
,164,163.95896111
,165,164.95828127
,166,165.95503110
,167,166.95480520
,168,167.95180614
,169,168.95177917
,170,169.94923214
,171,170.94945130
,172,171.94729230
,173,172.94768930
,174,173.94607930
,175,174.94671730
,176,175.94563430
,177,176.94664330
,178,177.94588316
,179,178.94707716
,180,179.946710820,0.00121
,181,180.948197851
,182,181.9482039491,0.265016
,183,182.9502227590,0.14314
,184,183.9509309294,0.30642
,185,184.9534189799
,186,185.954362817,0.284319
,187,186.957158817
,188,187.958486236
,189,188.96176344
,190,189.96309142
,191,190.96653148
,192,191.9681721
,193,192.9717821
,194,193.9736732
75,159,158.9841854,186.2071
,160,159.9818232
,161,160.9775717
,162,161.9758422
,163,162.97208020
,164,163.97045379
,165,164.96710327
,166,165.96576178
,167,166.96259544
,168,167.96157333
,169,168.95876612
,170,169.95822028
,171,170.95571630
,172,171.95542042
,173,172.95324330
,174,173.95311530
,175,174.95138130
,176,175.95162330
,177,176.95032830
,178,177.95098930
,179,178.94998926
,180,179.95079223
,181,180.95005814
,182,181.9512111
,183,182.950819686
,184,183.952522847
,185,184.952954513,0.37402
,186,185.954985613
,187,186.955750116,0.62602
,188,187.958111516
,189,188.959226089
,190,189.96174476
,191,190.96312211
,192,191.96608882
,193,192.96754141
,194,193.9707621
,195,194.9725432
,196,195.9758032
,197,196.9779932
,198,197.9816043
76,161,160.9890343,190.233,
,162,161.9844354
,163,162.9824132
,164,163.9780217
,165,164.9766022
,166,165.97269220
,167,166.97154978
,168,167.96780812
,169,168.96701827
,170,169.96357811
,171,170.96317419
,172,171.96001714
,173,172.95980816
,174,173.95706411
,175,174.95694513
,176,175.95480630
,177,176.95496617
,178,177.95325415
,179,178.95381718
,180,179.95237517
,181,180.95324727
,182,181.95211023
,183,182.95312553
,184,183.952488514,0.00021
,185,184.954041714
,186,185.953835016,0.01593
,187,186.955747416,0.01962
,188,187.955835216,0.13248
,189,188.958144217,0.16155
,190,189.958443717,0.26262
,191,190.960926417
,192,191.961477029,0.407819
,193,192.964147929
,194,193.965177230
,195,194.96831865
,196,195.96964143
,197,196.9728321
,198,197.9744121
,199,198.9780121
,200,199.9798432
,201,200.9836432
,202,201.9859543
77,164,163.9919134,192.2173
,165,164.9875018
,166,165.9856622
,167,166.98166620
,168,167.97990780
,169,168.97629827
,170,169.97492295
,171,170.97164042
,172,171.97060735
,173,172.96750612
,174,173.96686130
,175,174.96415013
,176,175.96365022
,177,176.96130121
,178,177.96108221
,179,178.95912010
,180,179.95922923
,181,180.95762528
,182,181.95807623
,183,182.95684026
,184,183.95747630
,185,184.95669830
,186,185.95794418
,187,186.95754230
,188,187.95882810
,189,188.95871514
,190,189.960541221
,191,190.960589321,0.3732
,192,191.962600221
,193,192.962921621,0.6272
,194,193.965073521
,195,194.965974721
,196,195.96839741
,197,196.96965522
,198,197.9722821
,199,198.97380544
,200,199.9768021
,201,200.9786421
,202,201.9819932
,203,202.9842343
,204,203.9896043
78,166,165.9948654,195.0849
,167,166.9926933
,168,167.9881317
,169,168.9865722
,170,169.98249620
,171,170.98124578
,172,171.97735112
,173,172.97644360
,174,173.97282011
,175,174.97241019
,176,175.96893814
,177,176.96847016
,178,177.96565011
,179,178.965359086
,180,179.96303212
,181,180.96309816
,182,181.96117214
,183,182.96159717
,184,183.95991517
,185,184.96061428
,186,185.95935123
,187,186.96061726
,188,187.959388961
,189,188.96083112
,190,189.959929763,0.000122
,191,190.961672953
,192,191.961038732,0.0078224
,193,192.962982421
,194,193.962680910,0.328640
,195,194.964791710,0.337824
,196,195.9649520999,0.252134
,197,196.9673406994
,198,197.967894923,0.07356130
,199,198.970595224
,200,199.97144322
,201,200.97451354
,202,201.97563927
,203,202.9789321
,204,203.9807621
,205,204.9860832
,206,205.9896632
79,169,168.9980832,196.9665695
,170,169.9959722
,171,170.99187622
,172,171.98994281
,173,172.98624126
,174,173.98471795
,175,174.98130442
,176,175.98025036
,177,176.97687011
,178,177.97603261
,179,178.97317413
,180,179.97252321
,181,180.97007921
,182,181.96961822
,183,182.96759110
,184,183.96745224
,185,184.96579028
,186,185.96595323
,187,186.96454324
,188,187.96534917
,189,188.96394822
,190,189.96469817
,191,190.96370240
,192,191.96481417
,193,192.964137393
,194,193.965417823
,195,194.965035215
,196,195.966569932
,197,196.9665687971,1
,198,197.9682424270
,199,198.9687652870
,200,199.97075629
,201,200.971657534
,202,201.97385625
,203,202.975154433
,204,203.9778322
,205,204.9798521
,206,205.9847432
,207,206.9884032
,208,207.9934532
,209,208.9973543
,210,210.0025043
80,171,171.0035333,200.5923
,172,171.9988117
,173,172.9970922
,174,173.99286521
,175,174.99144178
,176,175.98736114
,177,176.98627781
,178,177.98248412
,179,178.98183129
,180,179.97826014
,181,180.97781917
,182,181.97468911
,183,182.974444876
,184,183.97171411
,185,184.97189917
,186,185.96936213
,187,186.96981415
,188,187.96756712
,189,188.96819534
,190,189.96632317
,191,190.96715724
,192,191.96563517
,193,192.96665317
,194,193.965449131
,195,194.96672125
,196,195.965832632,0.00151
,197,196.967212835
,198,197.9667686052,0.099720
,199,198.9682806446,0.168722
,200,199.9683265947,0.231019
,201,200.9703028469,0.13189
,202,201.9706434069,0.298626
,203,202.972872818
,204,203.9734939853,0.068715
,205,204.976073439
,206,205.97751422
,207,206.98230032
,208,207.98575933
,209,208.9907216
,210,209.9942421
,211,210.9993321
,212,212.0029632
,213,213.0082332
,214,214.0120043
,215,215.0174043
,216,216.0213243
81,176,176.00062481,204.382204.385
,177,176.99643125
,178,177.9948511
,179,178.99111143
,180,179.99005764
,181,180.986260098
,182,181.98571363
,183,182.98219310
,184,183.98188622
,185,184.97878922
,186,185.97865124
,187,186.975906388
,188,187.97602132
,189,188.97358812
,190,189.97382854
,191,190.971784279
,192,191.97222534
,193,192.970502072
,194,193.97108115
,195,194.96977412
,196,195.97048113
,197,196.96957618
,198,197.97048386
,199,198.96987730
,200,199.970963362
,201,200.97082215
,202,201.97210215
,203,202.972344614,0.29521
,204,203.973863913
,205,204.974427814,0.70481
,206,205.976110615
,207,206.977419759
,208,207.982019021
,209,208.985359486
,210,209.99007412
,211,210.99347545
,212,211.9983422
,213,213.00191529
,214,214.0069421
,215,215.0106432
,216,216.0158032
,217,217.0196643
,218,218.0247943
82,178,178.00383126,207.21,
,179,179.00220181
,180,179.99792815
,181,180.99665381
,182,181.99267213
,183,182.99187230
,184,183.98813614
,185,184.98761017
,186,185.98423812
,187,186.983910955
,188,187.98087511
,189,188.98080737
,190,189.97808213
,191,190.97827641
,192,191.97577513
,193,192.97617353
,194,193.97401219
,195,194.97454325
,196,195.97277415
,197,196.973431260
,198,197.97203416
,199,198.97291311
,200,199.97181912
,201,200.97288323
,202,201.972152040
,203,202.973391171
,204,203.973044013,0.0141
,205,204.974482213
,206,205.974465713,0.2411
,207,206.975897313,0.2211
,208,207.976652513,0.5241
,209,208.981090519
,210,209.984188916
,211,210.988737128
,212,211.991897723
,213,212.996562972
,214,213.999805925
,215,215.0047411
,216,216.0080321
,217,217.0131432
,218,218.0165932
,219,219.0217743
,220,220.0254143
83,184,184.00127584,208.980401
,185,184.99760087
,186,185.99664465
,187,186.99314711
,188,187.99228722
,189,188.98919522
,190,189.98862224
,191,190.985786680
,192,191.98546933
,193,192.98296010
,194,193.98278554
,195,194.980648857
,196,195.98066726
,197,196.978865189
,198,197.97920630
,199,198.97767311
,200,199.97813124
,201,200.97701016
,202,201.97773417
,203,202.97689314
,204,203.977836199
,205,204.977386755
,206,205.978499382
,207,206.978471026
,208,207.979742525
,209,208.980399116,1
,210,209.984120716
,211,210.987269759
,212,211.991286021
,213,212.994385156
,214,213.99871212
,215,215.00177016
,216,216.00630612
,217,217.00937219
,218,218.01418829
,219,219.0174821
,220,220.0223532
,221,221.0258732
,222,222.0307832
,223,223.0345043
,224,224.0394743
84,186,186.00439335,209
,187,187.00304134
,188,187.99941621
,189,188.99847324
,190,189.99510114
,191,190.994558576
,192,191.99133612
,193,192.99102637
,194,193.98818614
,195,194.98812641
,196,195.98552614
,197,196.98566053
,198,197.98338919
,199,198.98366725
,200,199.98179915
,201,200.982259863
,202,201.98075816
,203,202.981416193
,204,203.98031012
,205,204.98120322
,206,205.980474043
,207,206.981593872
,208,207.981246119
,209,208.982430820
,210,209.982874113
,211,210.986653614
,212,211.988868413
,213,212.992857633
,214,213.995201716
,215,214.999420127
,216,216.001915223
,217,217.006318267
,218,218.008973525
,219,219.01361417
,220,220.01638619
,221,221.02122821
,222,222.02414043
,223,223.0290721
,224,224.0321121
,225,225.0370732
,226,226.0403143
,227,227.0453943
85,191,191.00414817,210
,192,192.00315235
,193,192.99992723
,194,193.99923629
,195,194.996268598
,196,195.99580033
,197,196.99318955
,198,197.99278454
,199,198.990527758
,200,199.99035126
,201,200.988417188
,202,201.98863030
,203,202.98694311
,204,203.98725124
,205,204.98607616
,206,205.98665716
,207,206.98580013
,208,207.986613396
,209,208.986170255
,210,209.987147983
,211,210.987496630
,212,211.990737726
,213,212.992937053
,214,213.996372146
,215,214.998652873
,216,216.002423639
,217,217.004719255
,218,218.00869512
,219,219.011161842
,220,220.01543315
,221,221.01801715
,222,222.02249417
,223,223.02515115
,224,224.02974924
,225,225.0326332
,226,226.0371632
,227,227.0402432
,228,228.0447543
,229,229.0481243
86,193,193.00970827,222
,194,194.00614418
,195,195.00542254
,196,196.00211615
,197,197.00158538
,198,197.99867914
,199,198.99839068
,200,199.99569014
,201,200.99562853
,202,201.99326419
,203,202.99338825
,204,203.99143016
,205,204.99171954
,206,205.99021416
,207,206.990730391
,208,207.98963512
,209,208.99041522
,210,209.989689149
,211,210.990601173
,212,211.990703934
,213,212.993883161
,214,213.995363099
,215,214.998745983
,216,216.000271965
,217,217.003928045
,218,218.005601625
,219,219.009480427
,220,220.011394123
,221,221.015537163
,222,222.017578225
,223,223.021889384
,224,224.02409611
,225,225.02848612
,226,226.03086111
,227,227.03530415
,228,228.03783519
,229,229.04225714
,230,230.0451421
,231,231.0498732
87,199,199.00725945,223
,200,200.00658663
,201,201.00386777
,202,202.00332055
,203,203.000940767
,204,204.00065226
,205,204.998593984
,206,205.99866630
,207,206.99694619
,208,207.99713812
,209,208.99595516
,210,209.99642216
,211,210.99555613
,212,211.996225794
,213,212.996186055
,214,213.998971393
,215,215.000341876
,216,216.003189945
,217,217.004632370
,218,218.007578751
,219,219.009252476
,220,220.012327744
,221,221.014255254
,222,222.01755223
,223,223.019736025
,224,224.02339814
,225,225.02557313
,226,226.02956613
,227,227.03186914
,228,228.03582314
,229,229.03829815
,230,230.04241617
,231,231.04515827
,232,232.0493717
,233,233.0526432
88,201,201.0127111,226
,202,202.00976026
,203,203.00930486
,204,204.00649216
,205,205.00626876
,206,206.00382819
,207,207.00379959
,208,208.00184117
,209,209.00199054
,210,210.00049416
,211,211.000893285
,212,211.99978712
,213,213.00038422
,214,214.000099756
,215,215.002720482
,216,216.003533494
,217,217.006320792
,218,218.00714112
,219,219.010085589
,220,220.011025989
,221,221.013917750
,222,222.015374849
,223,223.018502327
,224,224.020212023
,225,225.023611932
,226,226.025410325
,227,227.029178325
,228,228.031070726
,229,229.03494216
,230,230.03705511
,231,231.04102712
,232,232.043475398
,233,233.04758217
,234,234.05034233
,235,235.0549732
89,206,206.01445277,227
,207,207.01196654
,208,208.01155060
,209,209.00949554
,210,210.00943662
,211,211.00773257
,212,212.00781355
,213,213.00660956
,214,214.00691816
,215,215.00647513
,216,216.00874312
,217,217.00934412
,218,218.01164254
,219,219.01242154
,220,220.014754966
,221,221.01559254
,222,222.017844256
,223,223.019137777
,224,224.021723245
,225,225.023230053
,226,226.026098436
,227,227.027752325
,228,228.031021527
,229,229.03295613
,230,230.03632717
,231,231.03839314
,232,232.04203414
,233,233.04434614
,234,234.04813915
,235,235.05084015
,236,236.05498841
,237,237.0582743
90,208,208.01790036,232.03774,
,209,209.01775393
,210,210.01509420
,211,211.01492980
,212,212.01298817
,213,213.01300976
,214,214.01150017
,215,215.011724895
,216,216.01105613
,217,217.01311722
,218,218.01327611
,219,219.01553754
,220,220.01574824
,221,221.01818410
,222,222.01846913
,223,223.020811999
,224,224.02146411
,225,225.023951455
,226,226.024903450
,227,227.027704227
,228,228.028741323
,229,229.031762730
,230,230.033134119
,231,231.036304619
,232,232.038055821,1
,233,233.041582321
,234,234.043601437
,235,235.04725514
,236,236.04965715
,237,237.05362917
,238,238.0565030
,239,239.0607743
91,212,212.02320380,231.035882
,213,213.02110976
,214,214.02091882
,215,215.01918378
,216,216.01910957
,217,217.01832556
,218,218.02005920
,219,219.01990455
,220,220.02170555
,221,221.02187555
,222,222.02378478
,223,223.02396376
,224,224.025617682
,225,225.02613176
,226,226.02794812
,227,227.028805480
,228,228.031051747
,229,229.032097238
,230,230.034541035
,231,231.035884224,1
,232,232.038591783
,233,233.040247222
,234,234.043307251
,235,235.04539915
,236,236.04866815
,237,237.05102314
,238,238.05463717
,239,239.0572621
,240,240.0609832
,241,241.0640843
92,217,217.0246611,238.028913,
,218,218.02352320
,219,219.02499955
,220,220.0246211
,221,221.0262811
,222,222.0260011
,223,223.02773976
,224,224.02760527
,225,225.02939113
,226,226.02933914
,227,227.03115718
,228,228.03137115
,229,229.033506364
,230,230.033940151
,231,231.036293932
,232,232.037156323
,233,233.039635529
,234,234.040952319,0.0000545
,235,235.043930119,0.0072046
,236,236.045568219
,237,237.048730420
,238,238.050788420,0.99274210
,239,239.054293520
,240,240.056593457
,241,241.0603332
,242,242.0629322
,243,243.0669943
93,219,219.0314321,237
,220,220.0325421
,221,221.0320421
,222,222.0333021
,223,223.0328521
,224,224.0342221
,225,225.03391177
,226,226.03518895
,227,227.03495778
,228,228.03606754
,229,229.03626493
,230,230.03782855
,231,231.03824554
,232,232.0401111
,233,233.04074155
,234,234.042895391
,235,235.044063521
,236,236.04657054
,237,237.048173619
,238,238.050946619
,239,239.052939222
,240,240.05616518
,241,241.05825376
,242,242.0616421
,243,243.06428034
,244,244.0678532
,245,245.0708043
94,228,228.03873233,244
,229,229.04014455
,230,230.03965016
,231,231.04110228
,232,232.04118519
,233,233.04299854
,234,234.043317475
,235,235.04528622
,236,236.046058123
,237,237.048409824
,238,238.049560119
,239,239.052163619
,240,240.053813819
,241,241.056851719
,242,242.058742820
,243,243.062003634
,244,244.064205356
,245,245.06782615
,246,246.07020516
,247,247.0741921
95,230,230.0460914
,231,231.0455632
,232,232.0464532
,233,233.0464411
,234,234.0477317
,235,235.04790856
,236,236.0494312
,237,237.04999664
,238,238.05198554
,239,239.053024726
,240,240.05530015
,241,241.056829319
,242,242.059549419
,243,243.061381324
,244,244.064285122
,245,245.066454834
,246,246.06977520
,247,247.0720911
,248,248.0757522
,249,249.0784832
96,232,232.0498222
,233,233.05077077
,234,234.05016020
,235,235.0515422
,236,236.05137420
,237,237.05286976
,238,238.05308113
,239,239.05491058
,240,240.055529724
,241,241.057653223
,242,242.058836019
,243,243.061389322
,244,244.062752819
,245,245.065491522
,246,246.067223822
,247,247.070354147
,248,248.072349956
,249,249.075954856
,250,250.07835812
,251,251.08228624
,252,252.0848732
97,234,234.0572715
,235,235.0565843
,236,236.0574843
,237,237.0571024
,238,238.0582027
,239,239.0582422
,240,240.0597616
,241,241.0601622
,242,242.0619822
,243,243.063007851
,244,244.06518116
,245,245.066361824
,246,246.06867364
,247,247.070307359
,248,248.07308876
,249,249.074987727
,250,250.078316742
,251,251.08076212
,252,252.0843122
,253,253.0868839
,254,254.0906032
98,237,237.06219894
,238,238.0614932
,239,239.0625323
,240,240.06225620
,241,241.0636918
,242,242.06375414
,243,243.0654812
,244,244.066000831
,245,245.068048730
,246,246.068805522
,247,247.07096516
,248,248.072185157
,249,249.074853923
,250,250.076406222
,251,251.079588648
,252,252.081627256
,253,253.085134567
,254,254.08732413
,255,255.0910522
,256,256.0934434
99,239,239.0682332
,240,240.0689243
,241,241.0685624
,242,242.0695728
,243,243.0695122
,244,244.0708820
,245,245.0712522
,246,246.0729024
,247,247.07362221
,248,248.07547156
,249,249.07641132
,250,250.0786111
,251,251.079993667
,252,252.08298054
,253,253.084825727
,254,254.088022245
,255,255.09027512
,256,256.0936011
,257,257.0959844
,258,258.0995232
100,241,241.0742132
,242,242.0734343
,243,243.0744623
,244,244.0740422
,245,245.0753521
,246,246.07535017
,247,247.0769412
,248,248.077186592
,249,249.078927568
,250,250.079521086
,251,251.08154016
,252,252.082467161
,253,253.085184637
,254,254.086854430
,255,255.089964052
,256,256.091774578
,257,257.095106169
,258,258.0970822
,259,259.1006030
,260,260.1028155
101,245,245.0808133
,246,246.0817128
,247,247.0815222
,248,248.0828226
,249,249.0829122
,250,250.0844132
,251,251.08477420
,252,252.0864314
,253,253.08714434
,254,254.0895911
,255,255.091084173
,256,256.0938913
,257,257.095542429
,258,258.098431550
,259,259.1005122
,260,260.1036534
,261,261.1058362
,262,262.1091045
102,248,248.0865524
,249,249.0878030
,250,250.0875622
,251,251.0889412
,252,252.08896710
,253,253.090564175
,254,254.09095611
,255,255.09319116
,256,256.094282984
,257,257.096887874
,258,258.0982111
,259,259.1010311
,260,260.1026422
,261,261.1057022
,262,262.1074639
,263,263.1107153
,264,264.1127370
103,251,251.0941832
,252,252.0952626
,253,253.0950922
,254,254.0964832
,255,255.09656219
,256,256.09849489
,257,257.09941847
,258,258.1017611
,259,259.10290276
,260,260.1055013
,261,261.1068822
,262,262.1096122
,263,263.1113630
,264,264.1142047
,265,265.1161965
,266,266.1198356
104,253,253.1004444
,254,254.1000530
,255,255.1012712
,256,256.10115219
,257,257.10291812
,258,258.10342834
,259,259.10559678
,260,260.1064422
,261,261.10877354
,262,262.1099224
,263,263.1124920
,264,264.1138839
,265,265.1166839
,266,266.1181750
,267,267.1217962
,268,268.1239777
105,255,255.1070745
,256,256.1078926
,257,257.1075822
,258,258.1092833
,259,259.10949257
,260,260.1113010
,261,261.1119212
,262,262.1140715
,263,263.1149918
,264,264.1174125
,265,265.1186124
,266,266.1210330
,267,267.1224744
,268,268.1256757
,269,269.1279173
,270,270.1313664
106,258,258.1129844
,259,259.1144013
,260,260.11438422
,261,261.11594920
,262,262.11633738
,263,263.1182910
,264,264.1189330
,265,265.1210913
,266,266.1219826
,267,267.1243630
,268,268.1253950
,269,269.1286339
,270,270.1304360
,271,271.1339363
,272,272.1358983
,273,273.1395854
107,260,260.1216626
,261,261.1214522
,262,262.1229733
,263,263.1229233
,264,264.1245919
,265,265.1249125
,266,266.1267918
,267,267.1275028
,268,268.1296941
,269,269.1304240
,270,270.1333631
,271,271.1352648
,272,272.1382658
,273,273.1402480
,274,274.1435565
,275,275.1456764
108,263,263.1285214
,264,264.12835731
,265,265.12979326
,266,266.13004642
,267,267.1316710
,268,268.1318630
,269,269.1337513
,270,270.1342927
,271,271.1371732
,272,272.1385055
,273,273.1416840
,274,274.1433063
,275,275.1466763
,276,276.1484686
,277,277.1519058
109,265,265.1360048
,266,266.1373733
,267,267.1371954
,268,268.1386525
,269,269.1388250
,270,270.1403318
,271,271.1407435
,272,272.1434152
,273,273.1444052
,274,274.1472438
,275,275.1488250
,276,276.1515959
,277,277.1532782
,278,278.1563168
,279,279.1580872
110,267,267.1437715
,268,268.1434832
,269,269.14475234
,270,270.14458452
,271,271.1459510
,272,272.1460244
,273,273.1485614
,274,274.1494142
,275,275.1520345
,276,276.1530359
,277,277.1559141
,278,278.1570467
,279,279.1601064
,280,280.1613189
,281,281.1645159
111,272,272.1532725
,273,273.1531356
,274,274.1552519
,275,275.1559456
,276,276.1583368
,277,277.1590761
,278,278.1614938
,279,279.1627251
,280,280.1651461
,281,281.1663689
,282,282.1691272
,283,283.1705479
112,276,276.1614164
,277,277.1636415
,278,278.1641647
,279,279.1665450
,280,280.1671563
,281,281.1697542
,282,282.1705070
,283,283.1732765
,284,284.1741691
,285,285.1771260
113,278,278.1705820
,279,279.1709575
,280,280.1729375
,281,281.1734875
,282,282.1756739
,283,283.1765752
,284,284.1787362
,285,285.1797389
,286,286.1822172
,287,287.1833981
114,285,285.1836447
,286,286.1842371
,287,287.1867866
,288,288.1875791
,289,289.1904260
115,287,287.1907052
,288,288.1927462
,289,289.1936389
,290,290.1959873
,291,291.1970788
116,289,289.1981657
,290,290.1986471
,291,291.2010866
,292,292.2017491
,293,293.2044960
117,291,291.2055368
,292,292.2074675
,293,293.2082489
,294,294.2104674
118,293,293.2135678
,294,294.2139271
,295,295.2162469
